2236
9397
5366
4046
3669
7287
449
4008
2677
5184
1802
6336
8977
4492
3914
1690
9077
5943
1215
7072
3321
8893
9743
8905
7293
7829
7259
5929
964
4291
8936
5661
6102
1749
3773
5506
4947
79
747
613
6745
6838
8424
8638
8508
9104
6146
4412
4323
8511
8321
7614
6909
8145
1122
3174
7824
5206
8638
7461
5771
382
7869
217
7782
8143
8159
765
5379
6322
6676
9432
3581
1279
267
7242
2185
8130
239
9632
9231
7262
6058
7586
5985
3817
236
9559
8035
3634
827
8135
3554
1176
6824
2296
433
6550
445
6932
2529
2761
8374
6404
977
8145
3476
4230
996
1849
5546
2002
8468
9701
5822
362
2004
8490
4228
4706
3172
205
5869
8532
8266
487
5008
3009
4857
3552
1284
2293
3242
6425
7323
2472
1811
1937
4929
1837
7445
9140
6355
8564
9771
5779
1709
3770
1245
330
4695
787
5579
1364
1581
181
5031
1324
3112
1307
5791
9570
4380
2628
7791
64
1507
7340
7052
1158
5490
3998
582
7826
6616
6577
5430
5559
3091
8302
6784
9159
9879
6405
2081
2400
6196
3223
2593
324
1726
4099
9276
7293
9744
7127
2454
4629
9447
7362
6526
2923
6720
3072
5779
8306
8650
28
97
1385
2551
5109
9148
6776
4615
8922
6992
6658
8099
8796
9523
272
9890
3239
6045
1712
1113
4430
785
6035
1126
4238
6053
4585
4973
7999
9537
4192
5032
6569
3672
9837
8500
3760
2853
8715
8536
9841
9925
4776
177
504
6874
6730
1947
2672
4097
8281
1521
1010
2289
9977
4729
2794
4165
5922
5617
2700
4454
70
3036
7373
9622
4784
9636
6290
40
500
7046
4117
4292
9256
5904
9327
6431
4898
7968
2004
3613
2614
2863
498
489
3133
5807
9161
5033
917
6774
2499
2830
7408
3480
4364
8373
5721
2262
7803
6663
1411
3269
1507
4883
4749
641
9008
1796
4321
6025
8793
6267
9959
4719
110
3329
5590
4521
727
4444
4957
5225
6570
7531
6980
3485
3249
6803
8161
7840
2038
7026
392
7483
313
4374
4569
9793
3808
74
981
9688
2535
3093
2631
8486
4467
1912
6013
6493
6182
4003
7557
4493
5275
8793
1204
4150
1020
4990
3564
1975
4486
179
763
1512
2821
4855
5345
2501
489
9079
5376
789
3850
7779
7324
1590
6205
1163
7509
817
3496
2899
3477
4882
2367
2507
7663
6086
8986
900
8227
5949
5380
2387
7685
9760
7480
8418
1885
8063
7885
2381
8223
8380
7716
2049
5040
6079
2418
8549
7398
8801
5289
9669
5872
7242
5905
2664
7702
7261
5585
6384
9294
5815
471
9145
9358
890
5306
665
7001
9450
9840
8839
2015
7494
7447
5069
1794
9492
8900
6188
3786
9777
1222
7490
3949
3821
5813
7793
9807
8490
3895
9335
2151
5828
4985
3608
850
6963
2989
8101
339
4848
109
9565
8152
9922
3509
2428
6369
3326
5676
3760
8723
2668
7534
1355
1012
1761
3141
1269
1263
9759
3423
6588
1862
460
1311
8848
7805
3337
3136
2700
8002
4059
4117
4909
6247
3405
6488
9807
582
5390
5027
6374
5893
4766
972
9877
1942
7453
7116
1300
3271
6456
2298
1119
5719
7062
6536
6067
9420
6118
5355
6175
4320
1102
1452
8637
499
5724
7352
8244
4185
3499
4537
842
8614
4700
3163
288
541
7552
7788
5232
1287
693
142
2106
565
2542
3022
9201
8552
1586
7748
3925
1795
8289
5747
3556
9268
6608
2608
2303
6916
6905
9511
3857
4754
5978
9004
2443
2822
9973
1161
2782
5950
1179
6307
4274
8740
1972
8378
3407
9013
9506
1340
1833
3863
9360
9177
5035
4706
7060
3950
6974
9327
6332
6006
4321
617
2915
388
3054
9013
4640
1265
735
2040
8331
2320
2194
4017
4510
633
6251
964
7410
6748
6189
9647
2542
2397
8515
5522
1512
7044
7010
2915
5593
2962
2617
5979
3854
9627
461
771
1699
5245
2787
7437
9843
4360
8418
3803
8633
7198
3704
5397
7923
4502
5505
4765
5403
557
1891
4316
4081
18
5385
8446
3143
8629
2247
3809
5199
1522
3041
2409
9946
5546
6086
9586
8771
2422
4937
5502
2626
6297
6580
4176
8871
7531
9716
2723
976
9286
5196
100
6314
8485
2168
6881
9035
1493
8804
5501
185
4028
353
5458
868
9335
205
1666
6716
8285
647
1472
3404
6528
2083
4991
6542
9498
6137
6065
3905
8575
1963
6685
1771
4299
7170
7620
3590
4736
5669
5786
4771
1456
4398
8085
2913
3734
2806
6734
5390
8809
766
8649
9950
3870
7626
7603
1382
1592
2458
4968
6139
6869
2089
5786
5250
9041
9943
9417
6863
6282
9878
2423
26
1384
4134
5144
7462
5081
7194
2386
7991
6236
5828
147
3482
6816
7427
6906
8484
8200
2927
8889
6949
1914
7633
8109
5262
9142
1501
6764
8485
5693
6455
9202
8110
197
6653
4973
4668
1253
1783
462
4089
5783
527
5152
4325
3380
9551
4847
6693
7274
4134
3563
9469
6376
7509
9020
5150
2673
6903
1871
9492
591
6510
3336
9832
2083
9538
753
2910
3229
6899
3014
4666
5714
1571
4096
4873
8306
7232
4434
6720
5425
5149
3756
7850
1004
4971
1264
496
2776
398
8596
3098
9565
139
898
7909
1345
7998
8752
7573
3671
6950
5591
2580
45
9504
2733
9650
7215
1407
8803
4753
2725
1833
1823
3164
295
8942
6486
1908
2733
2405
9603
5806
8289
9566
5487
6126
9848
9445
4766
1979
8604
7789
2200
3528
7414
5274
2517
6779
9211
3613
6592
5568
193
107
6307
9103
1680
733
2663
7026
6662
477
1181
996
7274
7031
9377
5181
6998
899
9768
6955
5467
4477
2496
8532
2190
1920
5051
2286
4896
3604
7520
4944
5216
7581
9820
3704
265
882
8074
5122
8410
4026
4882
7958
9039
6087
9035
3943
4006
7537
7197
4333
5863
8624
5076
9500
4830
4743
6339
9641
7794
4352
8484
9155
7634
596
3017
925
7716
2422
5651
2982
777
3550
6982
7939
5545
3387
2474
1661
5549
5611
9616
5996
6333
962
736
7821
1469
8043
4549
3021
8500
8651
7244
7852
3927
3161
6669
7434
3074
7125
8214
6064
890
4726
6812
1986
2782
4205
8604
1529
3440
3376
2042
7412
4253
4663
7119
5382
7869
4159
8020
5964
1492
7027
277
7986
2037
6757
3057
3786
8521
9838
7768
7887
5904
6804
2374
1907
467
3239
7593
7908
4248
8025
8344
7265
1484
9968
7070
6957
7772
3815
2178
8177
2846
218
9840
9536
7615
3250
7461
3622
2440
2509
2126
2282
4356
2979
7921
5944
9910
2631
5128
702
8065
1565
9225
4116
4324
4902
5159
2411
6883
9139
4867
3545
8099
6421
5700
808
5737
1730
9302
4154
7023
2732
1678
3699
8837
5707
8309
3124
9829
791
9397
8623
6610
2512
6469
4580
9840
7709
6009
9435
3204
2501
1710
5524
3626
9721
5076
4806
2418
4916
6393
7938
4366
3085
9402
1750
1363
8490
178
9267
7455
2935
1907
7459
8459
4668
3146
939
558
2505
8243
44
5436
2251
474
4987
4110
5061
4252
94
8175
9879
5426
51
7866
2073
6760
7043
255
2524
2651
6505
214
1666
4677
416
9052
9308
6699
6175
8903
4787
3608
548
2548
5381
814
7721
8995
4633
895
9216
2805
5107
1710
6182
3216
7531
5615
3035
295
4863
6460
9444
5204
7402
5923
8687
3075
5180
554
7924
821
8058
2738
216
3645
444
1076
4634
2881
5839
5870
1780
7435
2974
2710
6289
9178
573
5692
7490
1023
9942
7277
962
8373
6611
9766
275
8803
1645
285
1954
1549
1678
156
810
478
3079
3245
4122
5855
1287
276
2868
9414
4380
1756
3812
2639
3533
3551
625
5716
7944
6174
377
7710
4017
3677
7306
5414
2334
7815
1882
818
2944
1884
2493
4211
1938
1663
3935
9703
6505
6258
5974
2926
9592
3240
2982
9392
5587
9017
5702
970
4097
815
3342
1043
5671
6025
9004
3583
2245
6622
7031
9250
3409
1872
4367
6333
8629
8614
4504
4890
4488
9886
8467
7046
7745
2808
3141
8650
8979
1720
8142
6824
5092
1999
779
6118
9212
9201
2704
3276
280
1390
6201
2297
9498
9790
4804
2091
9287
9470
5290
8205
7719
2988
7771
8959
5850
6973
1410
2905
1439
646
421
8855
6024
8545
9593
7480
2131
3808
5382
2329
2587
3958
5566
3776
5637
6429
4898
7682
829
9509
6375
2303
8491
6333
7646
1942
6
2808
1836
5861
7846
5202
6016
9345
7518
7804
6528
3699
3132
2682
2603
9562
9499
3584
9001
3694
8549
5508
4280
6698
54
301
8813
3612
3762
1215
5926
6886
1594
8569
4752
6983
8438
3664
7473
5035
2530
7135
355
3508
4340
4570
1790
4633
7051
7504
273
2647
3381
1777
5603
7653
4974
7487
3944
8736
5612
3874
5977
7737
8250
1950
8721
4634
8712
8691
1954
9780
6621
2989
9390
3244
9725
8143
937
4134
9492
4339
7962
9462
4052
6984
7845
4941
6770
6072
3993
707
311
7882
8073
7128
3807
43
3368
1092
4482
7598
8338
9791
1819
9444
3111
7173
3150
9007
1884
7161
1817
4593
4989
1992
6900
329
2972
2616
6035
3034
7118
7111
9666
4688
4561
325
2141
2231
9216
4626
1858
7445
3910
4748
8256
4503
4590
5281
8947
9834
253
1118
3426
5327
4546
2732
8664
807
9148
9123
9481
8378
4261
4460
7512
8278
3007
7004
7356
4373
2874
3862
5809
9410
8441
5700
960
9373
9128
6287
4572
6138
6127
3751
7769
9298
1986
6098
5258
4295
9723
499
4467
8874
3257
4090
2218
6046
328
1361
5130
6254
903
6235
5467
1443
4615
9756
6391
7683
666
6396
8757
8806
2984
7202
3130
1552
158
8811
6781
1581
4170
5459
5415
9871
9844
2762
8793
8082
2724
1915
231
8707
9026
270
7237
9224
4093
3175
6707
7259
9759
7186
5835
998
2199
5015
7615
8706
4679
1575
414
26
2189
9900
8010
6200
6408
7644
6503
7822
4360
9697
6221
5363
8713
6389
9666
1041
2576
6641
9073
359
2991
5292
9761
2127
4375
3674
3736
514
6014
7820
7532
9023
8630
2218
2704
899
2716
3495
6416
4757
537
2163
1521
8816
8911
4618
3213
8561
6076
7667
6624
5011
8190
5207
1389
3430
696
6665
6607
8440
3000
4526
4686
5269
3075
9705
1384
8191
7758
7976
7995
1168
9536
6723
4592
9523
1704
2988
4253
5942
3064
9927
240
1670
5596
2506
8444
2291
7390
5735
4713
9669
8697
7311
8327
4193
1175
1170
9293
7624
4382
6180
3829
8931
7413
2204
2300
7011
2092
9935
2870
8869
581
1274
6327
1009
5598
3132
2280
4975
4948
9545
9932
8478
524
1022
4220
4001
1528
4555
3003
4147
6108
9781
5231
5679
552
3512
9217
5924
8700
3296
8083
4074
9983
310
6306
2444
3995
654
580
1924
7652
938
994
8642
5531
9039
3385
4459
7357
6528
1559
4857
8939
5327
4275
7720
9109
3642
9989
324
8666
5797
9734
5839
4257
5348
9479
5496
4109
9814
3735
9352
4053
6152
8494
1566
6998
3464
7719
4139
212
2985
3417
7796
8790
7205
9082
5120
6741
6503
8168
9997
7933
5237
1165
265
5147
1715
152
1805
177
1042
291
2554
4980
7510
7195
9202
5959
4827
5046
6671
311
5528
8997
2719
1445
3056
9176
5290
9903
4597
9563
339
5683
2871
3659
4013
3306
1790
8408
367
8336
6865
1557
7829
2938
5998
3187
7592
9309
3892
1613
4728
5734
8320
4963
5659
9982
6802
8110
4347
2000
9051
5742
5540
2109
6084
2645
8757
70
4464
6737
915
3138
8539
4969
547
8967
6395
4116
7698
7906
2450
7737
7859
1199
1782
1448
680
5592
6073
2958
4483
8479
8171
3554
1748
9309
4735
5329
3231
3694
7153
3486
4222
1150
1985
9827
9590
3
2807
5257
3602
2806
4587
8509
9850
4111
9887
5491
6186
8420
7039
348
5457
8584
6616
3691
8188
4180
3000
6974
2272
1415
4778
1169
4829
9362
3364
3719
5950
5903
7352
5233
6020
1764
3336
1479
3610
5560
6894
9960
3366
2386
1092
2962
7850
2382
4121
9258
1941
2536
7033
9186
5535
1528
2380
8120
729
6223
2086
600
2296
5783
6001
4634
9631
3924
9992
8085
3268
420
6777
9514
8129
3664
1252
778
7818
8760
1239
8448
1506
4572
7402
6889
5573
3921
5911
5958
4969
4206
7100
8067
5412
4681
1847
1589
1321
8783
2085
7566
9546
1623
2183
6178
1423
403
1821
2810
8837
1325
8097
9765
2297
2157
5397
4425
2236
701
9189
2229
8944
4554
9859
7869
1177
3833
2450
8491
5006
9941
2792
457
12
271
9429
9704
9607
6612
8017
5597
9363
4063
6030
7189
2385
3586
672
149
4847
3018
7093
1656
6017
9777
1100
9969
1229
5230
4420
2143
8933
6745
1234
6264
9280
3085
8666
4951
8686
5803
4274
7502
2280
4932
514
4655
4046
3423
8834
2815
7984
3127
5297
2745
297
2960
1095
9269
1079
8642
9431
7981
5888
2949
5287
8374
1412
1569
2840
8458
5950
8690
5716
1439
2108
89
4789
5880
729
7479
3302
7747
8460
307
4970
38
8563
5104
9764
3850
1224
6213
4542
5216
5911
2343
5484
6417
918
537
2873
6190
3397
697
542
2117
2600
8275
8944
869
7158
2774
9716
610
8097
3015
7335
2353
648
6024
9611
3204
927
3435
7234
6349
2070
7101
1076
5018
5187
1038
5807
6431
3099
8184
809
5809
5454
5035
734
973
3180
4608
127
9846
2657
7198
9624
2071
8981
306
4158
8181
7690
8799
1374
7558
2109
2686
7455
5523
438
9502
6111
8107
1463
6745
8047
9573
6717
5085
5842
6513
5074
6259
1179
9175
9899
5992
6513
2448
6452
5698
1511
2403
8084
4282
4023
3993
4328
9054
4834
1182
6851
391
515
3242
2758
9205
9049
8784
5656
3302
7909
5830
1591
1404
1310
1936
5921
6772
4727
1097
7625
4310
3225
8289
1794
5799
9025
2725
374
5795
4464
4735
1635
3764
132
5089
7150
779
8404
6596
7537
6169
5327
2931
8257
8203
3090
263
4639
9649
8847
7054
1444
8210
6284
994
5822
9120
3180
9182
5762
8961
6261
6551
8906
746
9368
2851
6615
9819
4702
2681
1194
3449
4709
628
8513
322
5275
7505
6470
5420
2821
849
436
9234
3979
9035
3715
4976
9700
1829
1144
6148
1386
5875
3223
2498
5620
4630
4114
2569
4056
1154
3403
1871
3062
8474
2426
8037
6557
4683
1253
4443
2160
4831
2234
6169
6755
1204
2328
7944
4332
44
450
8505
1722
2885
1788
4338
5213
2398
8444
229
670
8824
4417
1661
8839
555
4898
6310
8305
9679
244
4351
9070
7184
3322
4595
1242
790
1460
9311
73
7272
987
8672
5023
6159
7085
1218
6315
6031
754
4496
5578
577
6671
6799
3428
7734
9821
1500
3055
9353
333
843
2921
325
4147
10000
8733
8225
7421
4505
3686
1501
9787
2457
6863
7090
1680
3374
9876
155
6016
3246
7374
423
2265
9247
2809
8590
7265
1774
5204
5668
1322
3218
3062
6528
8748
3222
4999
1817
9504
3135
3356
7575
7996
9545
654
3206
690
3034
4822
9347
2499
7693
2284
5009
2549
133
7611
1678
6494
7528
7154
7487
7558
4542
3178
273
5888
5858
574
5
9304
5024
8046
8054
477
1854
9506
1086
747
6829
1380
9664
8779
2065
2631
4071
4050
7049
2473
4497
2186
5756
2281
7647
9727
2714
4607
2877
5660
2833
5319
537
3016
1890
7917
1027
707
7139
6745
4475
7634
8985
5341
7870
9821
4920
7748
6247
5961
521
7069
5659
4517
6709
5063
8205
5254
2984
999
4283
290
6089
2025
8280
608
6841
1438
9636
1424
3511
3476
9696
4233
7604
2594
8881
5968
6816
6225
8091
5080
8670
3304
8914
3118
1359
4096
5911
6597
8125
8472
9114
2871
7425
6175
4123
5322
2550
9571
4295
3209
2373
4794
1372
3009
8048
7043
8338
6609
4518
6195
4740
1996
7286
3241
5074
4333
9915
3879
8760
5935
8346
2059
4510
2182
3594
9697
3096
7132
1288
8847
4161
7147
758
2460
3321
3740
3418
1827
9916
4974
1303
4459
2397
2183
4669
2894
5666
197
609
8678
5488
8217
6743
2039
7959
9840
5123
3300
4720
8088
5156
9127
4261
8389
7430
1691
532
3642
8461
9139
2306
9019
754
5194
2405
1820
8360
2617
2386
1238
3752
4619
4843
8624
8352
8141
2206
6128
7553
5372
2564
1010
9431
6819
5692
5514
2141
8986
7288
1542
886
3058
1825
5419
7628
7466
9669
3313
6494
6107
633
3000
1405
9977
196
8281
8706
7101
8822
3651
1601
273
1761
8539
5064
9165
6516
2473
9619
3135
2856
6092
6617
8713
7085
5077
2783
2084
6017
117
773
3607
7701
1411
9739
1564
2896
7712
7603
9412
1211
1145
3235
5262
6564
1124
9055
5792
5429
7318
9540
4235
3941
7621
1409
3584
9376
2085
203
7788
8862
2629
66
9530
7770
7849
7359
2329
5306
9566
7424
2479
7108
8149
3691
8738
7835
7307
2485
8778
2589
728
8088
4915
8935
1172
2351
4388
590
7594
7675
6814
4934
5
8325
7139
4657
442
7806
1504
7090
390
8662
5954
4193
9726
4355
7853
1339
2494
1246
7686
5517
254
3616
758
8617
4743
6483
6897
3405
9624
1784
2601
3144
7828
1096
5990
6817
5050
6776
2730
249
9359
5867
8748
563
2684
2142
8146
5042
7736
8269
1585
5158
7506
6012
3954
8452
855
333
8108
6104
9919
7169
2883
10000
5862
785
5780
5451
6584
4703
5497
1914
4432
6585
6969
7336
179
6670
6715
6574
7959
9075
2644
9427
5443
8486
1559
2041
5088
6473
4838
167
588
7366
165
4273
9921
1363
821
676
7681
3180
5668
2042
4658
9919
7552
4823
1438
3739
3522
6665
9357
9118
3053
9745
9833
8300
3975
4301
3813
3311
5493
6132
2585
9805
5591
8505
8378
7771
6445
7535
6378
8463
1459
7017
2513
6960
3529
5310
7478
8001
598
8327
221
522
6631
7024
8825
6830
9444
6157
1923
6927
7968
3609
4741
5075
2789
460
6451
3460
9862
5068
4509
4895
2447
6469
1925
2278
243
9449
5457
7082
374
687
4244
7120
997
9360
3991
4239
7419
553
1931
8220
646
5011
6994
1041
4770
2860
3097
5056
1898
124
9721
5605
4769
8982
9823
5924
5905
8235
5461
2334
4631
5738
6651
9098
1344
9026
4294
8250
8814
7575
4139
6338
3919
142
8894
2777
942
9224
8190
559
4674
6302
9623
2988
2607
9966
2991
9189
5608
1807
2777
7723
5201
1804
5569
5190
8554
8255
3390
6119
8306
9825
2288
8333
8569
8037
4129
4872
6936
2595
3085
2153
8908
3278
3127
2757
6008
4357
3933
5387
3970
5267
6919
11
6411
8415
1905
2289
8070
189
4085
568
9547
9313
4051
2774
4395
5464
6277
8735
7266
9066
9533
2608
502
6171
90
668
185
7514
5504
8920
1290
6036
5264
3069
3877
1178
1935
1431
714
7322
2691
4638
2903
9469
6198
9810
6692
3334
3899
4848
7595
9430
2413
7118
789
9256
8736
1393
7899
823
2921
2255
1336
506
1004
4902
5974
994
3338
3516
7763
9563
7873
2925
7009
2576
7782
3777
620
6279
1003
9664
8120
6437
623
2664
977
7084
7419
5516
8281
1161
3424
5083
2762
6365
2523
817
6
6223
820
8500
4950
6972
9539
1699
9645
5154
3714
3031
2380
6517
7797
9948
3361
4039
6150
8973
6015
4695
4355
251
386
2518
8944
6751
3346
9044
5956
8
4322
7525
8415
9132
4809
8718
5557
9799
8180
5020
3140
2815
4046
6029
5433
8156
2981
9971
2651
3694
1608
2370
6637
1044
6643
789
6229
6759
380
7471
8707
6409
5367
196
9628
8244
3834
5250
7615
3968
8945
1436
1293
4553
2815
8023
2104
5873
4799
623
4377
4603
9276
161
6436
8497
2073
6144
9877
1727
4802
6839
6573
1910
7558
7595
6807
4450
7630
7020
6319
575
550
5269
2565
6559
4772
6399
1195
6673
1651
3485
6048
8413
597
586
4829
5643
2846
6728
7908
3903
6275
8582
2350
116
7478
8368
7054
6861
9211
626
1765
3901
5326
9069
1780
9858
1065
3444
1687
7739
6433
2458
4673
8187
8467
10000
192
4046
6676
272
3934
7823
4586
1594
6430
1818
7159
3402
4136
7325
3836
9415
5086
5504
4879
3162
6327
2489
1203
3517
9235
5324
6335
3574
8396
728
9234
2286
6281
1715
7861
1751
5702
395
9477
2902
3119
7756
9887
9025
1742
6081
372
9891
1263
7499
438
2626
970
3921
1065
5931
5516
4402
6554
3432
713
4336
182
8904
6720
5170
871
1013
1159
997
5752
6154
7032
5808
4384
8508
4882
9028
6154
7025
6574
6512
4352
2554
7886
9313
3079
8126
4149
3019
6922
1704
5404
3822
5493
948
1498
1972
5662
6550
2209
4793
7718
3872
8918
649
2075
5754
9098
2397
1319
807
8402
8103
9183
112
9558
9149
2034
6761
8081
7034
3610
4031
4339
7237
8176
8906
665
3338
5373
6418
8649
8599
3786
6745
7688
8791
5780
717
1121
4476
8865
4004
5564
9529
3628
7467
2356
977
5702
2021
8049
8907
5510
1372
7123
7154
6563
3850
5907
3290
9299
7665
9205
2154
3015
8198
750
259
2783
4448
4941
5486
642
3645
6819
6568
8104
2997
4798
8545
3836
3206
2791
7988
3648
9464
3798
1386
9063
26
5977
8396
8279
5154
2556
8513
9072
2094
938
4945
4331
7870
9631
3160
7642
1321
1789
6638
3794
7359
7393
5256
8677
4684
6480
6383
2993
5261
3820
8313
6005
2745
7921
8896
6770
5194
1484
8504
6406
1312
7940
7908
1843
1893
5617
1997
4220
5733
1617
7610
4497
4655
3410
4649
5574
202
5705
4850
8939
7375
8294
2739
8606
9073
2752
8287
2694
4681
6722
3883
4909
6287
9780
6893
2758
4323
8126
5603
5783
9767
1408
281
3718
4055
2238
2827
1620
6629
5321
7315
4221
1889
6779
4843
4349
6752
2747
3847
9736
32
3159
2895
2258
4277
5184
6072
6923
9977
4979
2737
5539
3182
8590
3248
3651
7141
5220
8582
1601
5607
5002
8623
1927
9371
1791
5545
5293
8965
6884
1653
9363
4159
9926
4439
882
3743
8216
5368
1320
4136
5489
5167
2839
474
9784
7338
6880
8275
3510
7752
5482
5051
2300
4864
4153
1639
5340
8645
5015
3120
6532
8874
4499
916
3984
4176
5508
3913
495
5659
8484
4131
9570
201
8411
1500
9574
5669
4804
4523
7407
4075
57
6636
1183
1629
389
8710
8706
6765
9812
1859
8285
3922
3925
3055
9758
7512
3306
8308
2667
6772
5905
1782
4821
57
3296
2216
4638
9876
6706
1838
2327
7990
4965
3692
3899
9078
3253
3753
3814
4643
954
6289
5700
8232
1227
2601
7752
8560
4392
9564
585
3419
3643
2703
8154
1678
7542
901
1680
8709
990
6018
7889
2455
3830
6729
7147
4591
9291
8331
6786
2810
5667
9981
260
263
1975
9342
1191
8005
7396
5530
4984
1430
65
8738
8482
6322
6239
6689
2200
489
4027
9992
8874
740
844
8461
48
9628
1835
3695
2005
1320
6048
9848
8313
4873
854
2609
2707
3957
1519
3331
2714
4710
4141
3858
696
5494
1703
7676
7886
9282
1061
159
1179
3246
8930
9417
7757
6381
1093
1191
8447
1319
3532
791
8266
7373
5235
6622
1731
6697
5140
3832
2639
8625
2869
1289
8352
6122
9602
2186
1065
2269
4546
8369
8567
8223
6129
9530
8963
7712
5504
4884
709
8765
9047
5137
6849
2827
1974
1329
7983
7002
7831
602
6987
3988
9956
3992
4416
7918
5454
8430
5567
6020
5419
9491
1958
9193
6766
4346
4709
1845
4637
1682
3198
2016
7661
4686
9637
4547
8584
7237
8163
5699
1445
3054
9659
2266
4306
5232
6563
1057
2110
1172
9861
7409
3658
7473
1127
723
2116
7676
6499
9267
8914
7717
4264
1466
4116
7635
6266
374
3812
3958
5339
8304
2063
7367
1801
4878
7728
1863
7076
9980
1243
9768
9341
8919
6495
125
4110
5045
4000
495
7727
8989
5278
8769
8247
9845
2830
987
9012
6287
1731
2814
8047
6593
7243
5676
6147
8536
3911
46
8729
4477
6647
8081
5926
2253
2254
7352
3522
9412
5010
1521
1121
4118
8832
7144
5152
9572
9742
8634
2843
9432
7097
8047
2861
9631
3693
5585
2894
1085
2898
3002
1058
8052
2098
1873
3290
7669
201
8285
6352
2214
7937
5318
7562
9888
7908
9030
9420
4005
3731
8485
6862
7176
5821
9650
4612
1274
7344
7152
5626
4802
4502
849
9025
1203
6161
8427
7906
7659
4765
5163
1603
7681
2969
9465
5204
2464
6828
4390
6005
2059
8367
8471
7465
7235
9511
7264
4885
1376
1054
3149
808
3106
9464
3193
3641
3664
6404
254
1746
8636
9010
134
6732
7112
3016
7389
9579
2985
283
5895
1312
2669
3257
8690
6098
4192
3999
5676
6949
1582
2529
3519
4696
448
5094
7870
9208
4677
7659
3796
3324
2253
7881
1415
3437
3618
8077
9037
5536
2067
6315
610
9969
6073
1430
3381
7938
6884
2793
8653
49
2698
3777
3610
5940
2095
3119
8586
304
8192
372
7232
6647
4907
4044
8761
3851
3194
4951
4243
6035
2739
5623
5636
7556
3792
5263
1035
2394
4094
3744
3650
3718
9022
9048
6271
4316
4311
5550
8547
796
5936
9367
4707
3329
4035
9628
8201
7679
4614
2951
7896
5474
8931
5366
8616
6485
5625
6419
5701
8714
1020
7721
8590
6800
6651
858
4387
8170
3435
5235
6699
9308
6109
3407
666
9080
874
2843
429
2314
316
5359
8471
8922
1687
7834
5270
5324
4047
411
3382
2275
6947
8095
2780
2167
3029
8443
4707
329
1921
6217
509
9785
5753
2782
9288
2767
2023
2758
7286
502
8998
8036
9221
9307
1141
4670
3313
2095
9306
632
2842
492
2793
2718
6673
8963
9250
3289
878
9500
2976
1849
189
174
5263
615
8668
1063
9236
657
7694
1174
4184
9406
9768
9358
5738
7399
7478
3375
6652
1067
5716
6954
1883
9168
8137
3434
6194
886
3248
4091
6485
5289
4375
4646
5889
2203
3344
7584
3789
7484
6478
9968
6039
8367
3011
2875
8371
1176
8767
5278
1548
6524
2032
5046
3802
7787
4520
5346
3328
8184
705
5432
9658
4651
9450
9471
7888
553
8126
3136
8938
4571
6441
6542
8927
3477
6842
7611
4638
7842
3267
5719
7329
2188
4078
4078
9588
2867
4245
6749
5487
7276
2365
9798
2606
4829
8564
6829
3602
9907
3791
4693
3428
1706
8412
4692
185
1313
258
9822
2412
89
6674
4422
4338
5158
3464
890
7908
9021
3994
2122
5712
6025
6669
3800
7826
5035
9023
2982
7220
3932
5822
1894
6920
5195
2621
2785
4287
1898
297
7398
4583
1875
9474
1432
9263
7573
9342
7718
1219
1199
7240
8146
5828
688
1007
2455
6602
1737
3789
3722
3895
3997
7814
2358
5868
8696
1706
5867
6074
2402
1500
2434
5089
2544
4310
3117
4925
7964
7273
3485
2030
3373
5925
8454
6867
1182
5683
3863
238
9336
3880
1934
854
6638
2048
9647
602
4507
6256
4506
2247
1980
1758
8082
7945
2391
2395
7852
2424
9803
4597
8309
7708
4101
80
6986
9881
3171
9430
4929
2969
5000
5302
540
2681
8388
2832
785
5820
4566
2415
6566
2742
9295
318
1085
5617
4444
8486
8699
6724
7109
7667
7483
1341
2881
9447
2100
824
4535
223
9824
611
7119
4160
666
6211
3290
6687
4704
5572
6622
227
4815
2622
6116
6034
9749
5299
3180
8924
5846
8731
9365
6082
222
9129
2420
1941
2661
961
2187
7878
6038
5882
163
3966
3558
8992
4674
9824
2744
9190
7444
3623
6673
6279
5339
3051
9642
5663
1418
6911
2170
2271
9808
5898
8294
9883
1789
4600
1783
4823
7242
5752
3015
2638
6403
773
3504
6776
9514
9447
9575
307
3110
228
7979
5591
4032
3141
1736
1423
811
1575
9986
3484
4189
5299
7925
1873
7170
642
1876
5094
671
6921
4808
9305
9462
2530
4688
9177
181
763
4142
8469
4950
6386
1278
4162
9914
2168
9641
9561
6060
5279
2802
3736
373
1326
2638
2583
2128
7311
834
7573
3327
2324
2674
5372
8740
1623
4748
9426
5849
7028
4625
1942
5992
7218
6841
6991
4813
423
9566
3737
11
1733
5734
994
638
8155
108
6883
8577
8121
9471
6512
7181
6386
788
4548
9233
4101
7256
7585
9699
8560
9612
7605
4413
1695
4527
1749
9311
3291
5877
2999
9602
2960
6935
949
8401
8068
8683
7328
5895
2885
793
9180
2129
9519
5795
3287
7701
8592
3888
3490
8426
1166
5366
1615
8156
1156
5513
7899
4071
8654
6368
3333
5680
8254
5784
5410
5927
9708
3131
679
469
6012
4767
8042
2826
1510
7977
1979
3335
3437
6115
1631
6331
3720
6470
2105
4362
2365
1570
1832
4320
7438
760
393
8495
6469
2299
81
6544
9977
1572
67
7001
2666
3417
3012
6672
1371
2451
6155
3528
3205
1932
4523
3490
5520
600
2731
8142
253
8897
8046
2005
8599
9582
597
2790
2375
4997
92
5087
1011
888
6682
383
3182
8620
2961
4697
4971
6106
5703
4446
9350
2804
6717
2697
5877
7174
2506
534
7154
1767
2159
6364
3274
2649
1135
5465
4204
6665
2403
6128
4561
1096
1407
8933
5024
6593
7964
3681
7611
3570
5866
7886
7721
3499
9594
5011
5542
8662
9168
1572
7827
9768
7986
4415
3368
1131
698
768
302
5339
8732
4107
5097
311
3087
4429
4421
6065
7792
7431
217
4442
4192
6030
8972
192
8570
8028
7138
2654
3502
417
1542
5198
4233
8954
9304
7631
1779
5872
4566
8097
1812
8177
6941
6596
372
6057
7822
6591
2413
5132
2373
7252
2264
3394
8511
4556
2122
5113
5490
5323
8899
1897
1767
8017
9864
3795
9909
6636
2174
9364
7551
2802
3513
7960
5103
677
5590
4263
1197
1743
5232
5021
1437
9897
8233
8760
4521
8144
9
258
5565
9652
6872
9633
4243
7159
2614
9907
5606
7660
4757
6453
6164
7209
1728
4112
3786
8247
3400
4030
8460
2270
6967
4578
6551
2080
620
4387
1330
6750
7889
8132
2954
6996
351
4357
1777
5301
2600
7320
614
1671
2467
5500
3804
7607
4605
7295
6429
6200
7016
4852
3469
1971
7866
1888
1505
312
5805
5675
196
811
7616
6510
1042
3146
9152
6946
3792
7581
7735
90
8351
1196
2006
2890
5389
6694
1144
9414
615
7211
3286
2780
2496
8249
6142
9802
6334
7136
43
416
1418
9640
3440
363
2165
233
7737
741
7197
3
3600
661
6085
9438
8407
613
5496
9237
380
4267
6111
8281
4832
9409
6804
7014
8418
5915
6718
2756
9112
2368
5297
2351
4610
578
9853
5301
1477
8849
8263
6723
1989
2405
2982
9670
6386
9800
7758
4595
2123
7314
9557
8833
860
5934
7917
9364
9965
4453
1621
9226
9192
3250
6009
541
5587
4870
5796
1338
9740
9982
7439
3076
3217
188
5552
8165
2624
5908
4781
2754
5872
4875
5353
5989
5555
582
9762
9242
356
865
8282
5517
6096
517
954
2438
8567
7106
4291
1464
7682
6083
5676
1757
9444
3899
9013
1449
3683
4121
5134
9272
4339
8112
3599
898
5074
1482
2859
2701
5236
9077
1735
2120
976
8397
1281
7597
1067
4983
3833
9950
7899
7369
6053
2867
2449
5956
7221
2078
7382
7293
8245
7642
5603
2197
3688
9413
7813
8166
4173
479
285
9032
374
4473
1130
3785
4674
8793
3605
6601
1928
8168
978
2429
2383
5308
1447
1024
8969
1534
7844
7766
9792
2920
9911
1606
7461
6814
5569
7005
2255
1332
1433
5229
7735
8886
1617
2282
1196
2537
8857
9749
570
260
2388
3353
3571
7134
4887
7501
7449
8827
5269
6398
7187
1714
7460
1290
4825
6744
6551
9796
9633
1850
6327
7081
9718
4074
416
8177
4446
1420
8208
7898
4276
2715
3766
7781
3837
8023
53
7926
2891
8765
3937
9168
3702
7236
3241
514
3444
2728
4376
2923
5405
3358
2092
7670
9003
1527
5275
6691
6815
2461
8544
9752
2670
6962
6347
8642
5088
9261
6421
3260
6496
9363
6971
8764
7133
1798
6188
6741
6704
4747
9027
1095
2594
6858
5938
5519
4370
3801
1224
2629
7339
7283
6070
5583
5081
1950
3417
1157
516
2888
3646
4234
3215
8842
3948
3049
4246
8535
6003
1139
5044
5383
5939
9351
5941
7453
1210
8605
2891
6074
6277
8922
9818
804
295
6058
7705
3102
125
5317
7586
6050
4834
13
9184
4527
8174
3102
1976
6094
7986
9591
9240
4461
2708
6803
9611
3221
673
7226
7192
1746
1422
9450
6401
1053
9331
7932
3796
9354
5404
9327
9711
2324
6180
6945
4361
55
875
9685
6009
2651
5397
2801
3525
7379
6887
6773
1511
3102
3345
3515
7494
5153
6077
8879
9159
5992
9553
8943
2703
2914
9995
4982
4191
1218
4006
3388
8169
1281
1129
2647
5449
5657
5252
8409
7020
750
6205
7133
1230
613
1941
9277
364
5326
1629
2359
8651
9468
7143
2332
907
8441
6839
3336
8624
7346
7215
3547
4693
7465
9096
7025
4609
7281
9641
9481
2915
4118
5504
1077
3967
7097
8805
3178
2451
6269
3356
313
2772
849
8944
5279
8551
9987
2585
8552
2602
1235
9998
1479
7524
7102
4182
4053
6878
7595
676
1899
2013
3576
2488
845
7926
8058
7205
7124
8944
6071
8188
8046
4437
2069
6636
7186
1431
9329
622
1414
6505
2742
5484
4349
4935
3462
9260
7308
9268
2698
210
6353
6575
4764
7939
8911
9453
5271
8451
6720
7594
6252
8951
8736
9095
7116
749
5794
2269
9681
8090
8215
2533
5461
6733
9564
2106
31
4850
7283
7769
1389
2276
5838
8402
4804
2708
2376
9572
9270
4848
1877
8207
5765
8194
1062
4822
7335
8916
9894
9004
8429
5175
4362
5895
1636
1376
6599
6638
1463
7129
8324
3261
9630
3432
8035
4017
3728
7080
1185
5968
808
6225
8131
336
4692
394
7163
2499
658
2039
1905
4302
2532
1625
2762
293
3836
3860
5998
2290
7629
1093
2852
1870
7230
583
1580
7098
2663
9361
4673
8769
8671
450
9420
2665
1849
5365
3996
2592
2887
7853
3505
3529
8539
8701
1698
8061
5818
4067
4547
7816
3104
3122
6854
2263
608
9722
2650
3602
5962
9836
818
3589
8558
4443
2348
6577
5196
6585
2118
4023
9969
3090
105
1102
449
8085
8477
1579
1196
1984
9680
8280
6607
8848
8062
3518
1982
678
7865
7693
9864
9969
216
4848
9646
6524
1250
7301
7869
1811
4771
6182
486
8230
7295
309
9085
8406
2660
2625
9962
6038
3744
3154
328
8665
8202
4741
7509
5546
2467
7326
5273
4591
6908
1208
3144
444
9075
9405
3433
6775
9036
5273
5612
435
8543
5388
2734
1614
2298
2719
6808
392
9480
3809
704
3568
625
8358
9923
6047
5519
3020
8861
147
8431
7007
2891
7895
3710
7286
5236
6860
8554
3513
3353
6467
7930
6910
6940
7878
8881
6402
5826
9649
2629
4078
7327
199
1627
2387
8139
1606
8996
2162
4463
6031
3911
5831
3103
3268
1657
7712
9220
1376
6805
3236
6850
9735
7961
5700
2791
9976
8941
5262
7065
657
8598
5055
4672
6699
7993
534
9877
8386
5585
2411
1633
4849
4454
191
4375
9321
8690
2777
9711
5779
7882
7144
1726
467
5058
4159
7996
462
2611
2029
8330
2396
7838
1824
9269
5246
6424
2880
1410
1919
1787
6171
4044
8459
2311
6189
9268
6287
4966
5806
131
2936
6596
8921
3609
3393
7012
7451
8758
6707
8487
5111
7867
898
5921
1899
1980
3701
8083
4172
9585
2845
4375
4366
7645
2350
4122
676
8741
8501
5157
7744
753
5278
5655
4342
3033
6564
4667
7670
2438
8114
7028
7112
2340
448
8666
6484
8409
7437
6463
155
8042
1653
8276
2590
2776
7766
1104
8751
2007
2697
344
2863
9654
7307
6875
1141
7579
653
9352
2352
7374
3838
7034
3292
8957
2306
1529
9731
1321
8026
570
5399
8580
4241
1592
4557
3904
4703
9757
1057
934
5473
6028
5316
1124
7006
8074
9079
5382
5191
242
2572
969
3425
6042
4208
4623
9730
7862
3978
9344
8556
4987
7295
6307
1625
3272
8057
8639
4202
4265
2873
1182
7538
6861
1994
2703
4478
6815
6655
2687
7680
7485
2906
7874
9771
1351
5355
5186
4417
7456
726
6428
5997
2448
6669
3711
4117
6218
6482
4922
6183
8716
3540
2511
5636
6183
4166
6253
5255
4272
5461
3306
2423
9893
819
6734
3196
6823
1608
9299
2786
3494
9467
2440
9094
6832
5843
6136
1834
7838
2485
7354
1241
3998
7036
5708
2386
1812
4265
748
9370
7139
4931
5710
2975
5515
3369
3786
3868
9431
6976
3878
2309
3357
223
1362
2520
5203
7697
9501
112
1775
8331
1443
6559
3991
5382
3888
574
3633
2935
1502
1569
6244
1045
8268
1031
5402
7977
8192
2217
7064
5023
237
912
241
6309
5567
844
2249
5124
867
6778
8189
4744
1107
2499
9865
9861
9882
672
8748
9498
3669
7233
4301
4209
6923
489
2161
7610
5896
2563
1842
2035
780
8645
6174
3793
8481
1466
7164
1584
3511
4033
9755
9069
2484
8733
8808
4641
2550
4709
4884
1563
5553
7992
2319
9569
4129
4632
7317
2568
9172
591
1697
5412
3420
7867
7556
6227
9882
8221
579
8960
3618
9568
1990
4896
2113
1634
8342
8599
7455
4551
1519
6766
3443
7880
218
5542
2348
4046
9713
8316
8308
686
8214
2117
2496
7793
5950
4358
2663
8969
6699
3692
7851
821
5358
8864
8848
5000
1522
1147
8070
7303
4450
1759
4517
7226
1486
6759
6156
1442
2079
5066
2185
6137
1234
3700
9666
4379
5580
8962
4490
1749
8151
8860
8312
6805
4954
9178
4829
7267
7062
7991
1458
2115
3523
4659
6877
2069
7
2288
1316
6894
5089
9190
9732
6020
9906
6976
1831
5885
3522
7170
7289
4345
4270
2475
2818
3723
597
3159
334
3196
8268
3747
3752
1408
4259
593
1859
3631
405
7821
6110
5994
8781
5132
6954
2553
5835
6456
2153
7325
9054
1244
3948
9002
5285
8151
5841
5249
7192
9663
6226
7805
999
6369
5334
8531
9743
205
8160
9350
8700
2341
6352
5294
2832
6498
8519
1756
5072
5020
6145
4333
4440
8879
8259
1120
4189
7031
7133
941
1083
4311
1434
2937
2717
5964
3501
3824
7183
3482
1941
2196
1946
4197
794
6641
1469
3233
1250
2444
875
4480
3941
8292
1136
3983
4553
5517
3789
9741
8567
6423
9802
6102
6006
7664
9554
6847
4406
3529
9546
3486
1570
7936
509
4937
3933
7580
1333
2776
6834
4497
2595
4949
8700
5369
1950
3882
1234
7455
5499
847
4610
9245
2038
9997
1785
3086
8624
2813
7906
3119
7452
7157
4302
422
4816
9668
8896
6666
5240
9088
880
3976
8084
6568
9731
3082
3175
6054
5220
7374
2529
8774
6083
285
3566
2781
4127
6611
409
1662
3800
5721
208
1106
9309
9470
2012
4948
1776
8171
5351
5258
9143
1267
1275
3310
1126
2810
5547
2835
3374
6960
7820
912
1642
1830
5906
4267
9326
902
9332
6881
596
1655
2575
2424
2983
832
4105
6145
7769
3139
7544
3117
9285
8837
765
6657
9462
9342
6755
405
2603
6287
9831
9790
8884
9282
8143
8761
9361
699
9851
1658
3406
9208
5793
5301
5213
9864
4595
5598
1128
328
1784
3798
4921
2429
1250
8277
5288
8207
1930
3516
524
4097
1424
1327
2546
8384
3933
1997
9167
2898
8041
570
3791
8052
4753
855
9577
4287
9973
7517
6658
1577
4142
6574
5566
2591
6093
7719
7001
785
3928
4200
9169
9173
9400
7623
7588
4230
6363
2555
3038
5243
8018
474
9050
7415
2899
4138
3960
830
8017
846
1479
7530
9917
735
1349
7639
4028
3233
1324
7746
5823
9298
7680
6452
5801
8248
9893
5515
9514
182
3975
9609
4117
6509
4199
1322
9180
5825
540
6690
8208
3894
8671
2317
5444
7361
3057
7537
5191
3250
8251
3557
3753
542
5222
736
6227
8786
6211
2890
2388
4970
769
1499
5811
7245
6172
7077
9778
2009
4086
1739
9965
8228
5946
6948
7022
6103
2181
5113
8301
575
396
4311
3148
5461
1184
1822
8370
6426
5710
3431
5849
6987
7043
3424
1219
284
4712
4340
2889
7980
226
14
684
62
824
5762
7086
648
8928
8028
1718
4939
4840
6517
1539
2568
6726
6847
307
5180
6773
1706
5612
3075
3508
2461
268
3277
4345
9827
9326
1155
5779
7816
1672
3029
5115
4206
4414
3402
9366
7476
1377
2571
4506
7247
3513
2570
8220
3576
7202
996
6073
3169
7372
6261
2148
6157
3293
6413
2743
200
9351
5391
1585
7458
8108
1243
9548
266
7789
7432
4117
8040
1540
5964
3338
7387
7493
7834
561
1705
3323
3022
662
8101
4923
740
4048
6613
797
2524
2481
1990
7647
601
2601
7900
444
1133
6115
7663
1033
5113
8257
3199
6
5196
4672
132
90
9134
5204
6169
102
703
5187
2195
7066
6427
9196
9048
7983
9324
8227
4660
4444
7793
8052
4794
4488
8359
7260
2157
4152
9912
121
4283
3716
1228
3082
1558
5825
7046
2713
9417
918
1582
9357
664
1776
7570
5165
6812
4826
1612
5254
1199
2250
3743
7437
2793
751
281
1521
2046
2763
3862
1795
4801
4669
9554
2010
538
3785
3409
4010
8769
9859
960
1674
6209
6112
8483
6360
6602
1122
9845
961
2341
8688
139
6542
1557
9122
493
7271
8477
2603
1996
3628
333
6855
9374
6142
9466
1050
8516
135
7408
7634
8273
7770
4006
6641
4560
837
5867
85
1145
7392
5534
4009
6238
3537
6392
157
8505
1715
954
1318
674
6460
4803
7393
6522
8957
3846
9628
980
2956
4131
9861
4264
9491
8476
8088
3931
9453
2066
4763
6680
9186
7865
1701
1498
3341
9692
8925
2747
8255
6171
4474
212
6150
5672
8572
4828
1226
1250
8327
9098
5743
4142
2754
9098
4023
7840
1947
7455
7485
3007
5640
7124
145
6745
7927
1207
3664
5577
4148
4037
5484
6904
775
4099
3559
6457
7531
4262
6327
9324
7400
2790
9841
8667
6069
6697
3012
5578
3975
5032
7044
6371
7709
9893
587
1693
9726
8701
5095
7644
8053
5538
6062
8759
680
3256
8854
9422
5383
8057
6326
4250
7547
5207
1484
2581
275
919
5367
1300
2523
1401
5759
144
4918
4885
6808
917
6596
2807
9230
4754
4393
6674
1416
9580
1155
2276
7429
5736
1239
9088
783
5486
5113
7264
5246
4790
1791
9656
6391
389
3154
5426
7197
7032
3595
9412
3641
2824
6342
8797
3844
4140
3769
4334
7719
4756
734
9507
5802
209
6776
7172
5258
2796
4894
4110
5105
5825
2768
9871
2054
2242
8381
5932
4088
7233
9307
661
3523
8396
5194
768
7226
7714
7102
684
8099
5597
6294
1610
4889
5197
8917
9935
7691
8815
6602
4100
5993
4460
6164
5166
9250
3657
1234
755
9619
3589
9670
3999
4099
4298
1464
4111
3346
4717
4616
3400
3269
9828
5723
5198
2085
6703
7425
2024
5092
6370
7660
6107
4876
4456
1995
9225
1025
6976
5489
9815
2147
4327
3547
8437
3861
8958
9606
5229
155
4829
2901
2421
9392
9715
3930
2631
4184
8878
3761
5118
9643
2834
3355
7523
9673
809
3741
5118
5719
2737
6282
3384
8420
9876
6869
530
7914
4933
3795
7358
5557
5625
617
2286
1069
4107
8979
4352
4363
3955
4517
4649
2652
2537
8682
3834
6145
3402
8791
7869
2186
465
100
7105
8615
3158
2964
3962
9122
4904
8482
2917
3226
9007
46
4688
9429
7545
9373
3978
6830
6739
7580
2492
824
2205
9800
3072
4650
6596
6569
3836
3121
862
3649
5406
8046
83
645
1920
2929
2930
1760
1898
7652
9470
3125
7897
1607
4387
1032
6455
7304
1044
2275
1279
5749
8887
8272
2060
942
2379
7918
9214
1052
3575
6087
9893
6406
2281
209
3047
4714
9284
8288
2786
2899
4317
1965
3996
2708
6455
4733
3420
436
5545
3880
4737
1098
910
6726
1468
1363
6288
66
5584
3498
4070
44
4759
5068
9017
4925
3331
728
6820
8420
9652
2258
4338
4081
9483
8525
2708
6442
2470
994
1459
7136
5091
2399
6617
5444
2440
4218
5879
6172
8343
4629
2561
5411
3830
9307
9762
7753
4451
83
3243
5776
2189
1130
3216
6679
464
1915
954
9148
2519
6480
5745
7123
1866
5295
922
509
8016
6020
1579
6060
1888
7281
8734
2526
4622
98
5306
6497
6279
3127
9961
8504
7257
5353
8565
3236
5328
1920
7098
5769
6371
7233
82
702
791
922
6922
3834
5296
4295
7662
6583
2200
6178
4338
9400
1141
8878
2274
5073
6121
2325
9824
6990
700
1194
3136
6560
1821
6036
4415
3258
253
6377
1888
9335
5703
4349
806
2011
3970
2364
8765
2652
1572
1540
2405
5083
740
8367
6082
4186
6067
5522
5360
2690
5140
9179
9798
6467
734
3676
9642
6071
8466
4458
9765
8973
8558
426
4880
7573
5890
9243
2828
8946
5988
8988
2902
537
647
1464
8768
2305
4792
1890
2977
4499
9
4438
5178
5809
6040
2308
2053
7700
319
5698
8897
9430
6973
8679
5076
9333
4210
5584
8444
1593
7050
2148
3932
3295
5358
5658
425
1405
6375
2575
1160
9701
6939
8406
4026
7984
7170
5821
359
8552
1714
7543
5186
3269
9862
8985
5060
3934
2363
5825
8247
6208
2723
2884
4947
6360
4941
8129
3806
421
2490
8352
7728
537
6220
5723
8482
1886
8292
4810
9605
8627
7996
1454
8134
801
9826
7945
7728
4520
6561
2687
7723
4243
7020
4955
88
4283
3892
1015
564
9098
6938
3306
6809
9673
9682
4782
1834
6216
5560
8096
9624
643
2242
5771
1794
6621
8155
6640
7597
4595
1985
9477
852
6204
9993
1038
5852
5046
3229
6420
8216
8583
2339
6073
264
9278
7015
2968
5663
8957
7210
3132
4518
8877
5673
571
7440
6626
7573
3632
8209
5267
9773
4015
6802
5572
2882
858
7848
1778
3985
3830
9974
7166
6302
9129
2476
1537
5133
757
1515
6157
1067
5282
8675
1405
8369
3521
7404
2028
1429
1894
2473
420
4865
7425
7437
3642
7638
587
8361
4633
9138
1963
2708
6036
6334
6330
8517
7874
3380
5413
9315
1287
2389
2994
1819
8569
6372
8346
3674
9732
3703
7532
5153
455
1600
4814
9415
9813
3229
9921
7324
4383
4408
8880
5288
757
2282
7303
5381
3042
3192
6831
4287
3648
143
7350
6556
8025
1705
2725
3196
7472
4269
3035
9155
8477
9805
3110
2381
1957
4440
5175
9392
7201
1160
7175
5109
4406
2661
9118
6999
8199
6597
4573
2899
6818
1991
9149
934
4121
2079
6958
6225
2219
3195
2490
2733
7109
1698
5845
7474
4655
3290
6369
8755
6139
4975
8918
6899
5083
7238
5195
515
3752
4398
3086
5196
58
4234
6555
2222
4329
7136
7128
981
9647
5680
5425
2667
9112
8596
9587
3538
2775
8856
2145
888
1375
7950
5715
6481
9817
146
9028
38
5706
1153
3285
548
7819
6130
898
368
271
4868
6422
3657
3968
6847
3176
9309
3399
8419
9404
506
3567
3528
4845
7265
4836
9959
4708
9968
141
949
6245
8510
96
6500
9230
3391
5829
3940
1065
5915
5924
784
4568
5398
5976
8867
2209
5542
4478
5680
6317
5668
3928
8369
7421
6302
6250
6737
1043
1889
1494
8472
376
6726
1977
7653
9377
5386
5892
6354
261
9383
731
3523
6025
3004
8677
6087
7132
8780
7525
6309
8543
3330
1241
5294
1924
838
5320
7599
6786
3268
7184
4167
6525
634
3102
5178
1403
4504
4138
3906
2130
448
4312
4485
5156
7723
9599
7124
1286
7670
6131
2865
3082
3592
1135
3323
489
5032
7009
2100
6600
4318
7028
1319
775
8870
4799
4236
3195
7062
5319
1191
1499
5710
6843
9938
6959
253
9997
9147
8173
1313
2092
1577
8003
1957
3807
341
9736
9146
1754
583
4796
8663
7048
5706
4215
777
2073
1340
7624
6495
2245
9476
8716
1165
6331
7596
882
2495
3594
4807
439
8315
2454
4036
9079
5521
3810
3167
8603
9419
7254
2138
3503
5970
6981
4641
2183
1553
751
1919
1345
9456
3577
7843
2385
8117
3908
1664
5753
3792
1338
3384
9336
3901
5112
1014
8037
8546
6667
8881
4562
2850
1359
86
6662
9750
7085
3457
6913
7344
1917
4858
3954
1267
4251
7787
5704
2334
4874
2250
1795
8677
2771
2129
9294
1117
2054
7638
9297
8331
6889
3160
7353
5333
8449
3336
4245
3258
328
4060
1494
1719
6231
6434
771
606
9239
8671
4521
4356
6149
4075
2997
562
9141
7112
7636
1301
5577
9966
1387
4592
2082
7737
5279
9902
3655
5998
9439
2922
4283
3926
8632
7204
4548
2655
5339
196
2581
9933
135
9527
4484
9037
2248
1295
1409
860
189
2883
1571
9814
1353
8330
9260
6853
1525
9689
660
5751
2143
1762
4051
9198
9170
7443
5807
631
9393
3593
2478
5821
1332
5549
3853
6121
7265
3945
5004
9647
4059
5396
1985
4169
7677
3503
9594
3580
9731
1570
9647
7157
2
842
5364
2787
3542
6474
881
8294
3239
3587
1894
385
8431
9773
475
9113
8789
8606
652
8075
5067
9953
5742
7359
4216
8280
341
4804
8574
5736
585
1527
9034
1681
5430
1651
2227
9363
3687
1248
9246
8187
3423
7912
6320
9433
7175
178
239
9742
3201
912
2868
6056
1123
3134
3879
4826
6049
3794
2477
7875
6155
6186
5192
632
7690
8700
8971
2585
3712
8475
189
9618
8254
6752
3598
2422
4733
9345
2622
9519
2966
4534
4370
5813
8434
48
1643
3147
3169
206
1545
1399
9599
9641
3989
4642
4362
7454
6443
2172
6208
5322
6992
160
4727
3242
9130
384
8720
3885
5460
375
8246
3064
6130
8668
2459
1277
9978
7665
2978
4083
1370
5222
1047
4335
9115
1722
5698
6287
6779
8123
3187
6496
5770
5636
209
4462
1776
9485
2744
7446
7549
6996
5980
8886
1189
1906
9100
8877
696
3991
7947
9570
5828
3032
7125
1510
4995
4111
3507
2582
7026
8099
4836
8149
47
5160
1502
8952
3068
7813
4016
717
8763
4665
6368
670
8604
9529
9559
5414
4301
5433
5414
7310
6290
5344
1049
5924
6589
543
920
3537
9598
4614
4158
3235
4925
8489
8231
5170
8068
850
7999
6490
7208
715
5231
2137
1688
1376
5305
4117
3633
8974
6353
368
48
9941
8820
2665
8243
9745
3329
1953
9391
1074
976
7359
7382
9690
9962
1361
3654
8828
4303
7244
4622
6363
9251
7946
363
960
1927
1701
7878
1269
6660
5537
6291
6803
2645
7563
9295
3338
6033
1433
5762
1853
4781
6172
5368
1944
7086
3731
6558
6441
111
5725
8394
4492
2215
5991
7059
6969
8703
6785
4796
7756
2950
8888
2615
6384
9833
1414
8588
5114
4688
4429
2544
3712
2681
1298
9464
687
3361
8303
9405
1042
4752
2539
490
9343
2939
7774
7638
3638
9312
2069
4169
9417
322
9870
2048
8663
8065
5096
7101
8994
7902
2299
3717
4223
5117
1255
1067
3476
27
910
7377
3942
2058
1941
629
4138
1912
7414
9004
2701
7626
3825
6336
5142
620
6168
9577
1654
3546
7150
8165
29
3337
1814
2227
6395
2690
554
6342
8509
2015
8475
271
810
8848
5013
8254
8667
1716
2130
8841
1719
5805
3633
2699
9908
8194
8982
5641
3612
8987
2157
9243
853
873
186
5802
6986
8134
8018
66
544
638
316
141
7692
4341
6050
680
191
9286
1380
7646
6208
1174
7750
1751
7272
7683
843
4661
1942
7340
262
5903
9875
7834
6583
1467
7288
4774
4041
6606
7555
7764
8251
8273
1155
2725
9214
1014
2764
7918
8652
7374
7640
5827
8327
9562
2553
3481
2530
964
6906
1667
2573
1017
413
7445
2999
8971
4606
8962
9495
1034
2999
6426
3670
807
1380
5040
5307
5838
1088
3694
6619
3771
9591
46
1708
1910
5741
7966
4716
5687
3577
7573
5169
9558
7664
422
621
8936
1533
4755
7636
6081
3065
3314
7416
517
3713
9536
4693
1288
9382
4435
6546
1389
3794
4492
7294
9308
3735
825
6507
5814
1384
564
7362
4563
2676
1456
669
4488
7121
3806
9242
1080
4018
2208
8421
8518
1040
9616
2815
703
8954
4563
6699
7841
1768
3081
2540
1867
7211
7218
9422
8029
8582
8830
2255
727
4539
626
3726
3175
5669
1803
744
564
9881
6580
3828
4429
655
8724
8094
3643
8597
777
3557
7101
8972
6858
3464
1466
3444
228
7177
5752
4379
5172
2742
6569
7944
4980
8692
1327
9394
5532
3782
2208
1142
7628
321
777
9602
7741
7916
9325
5506
5905
2413
1366
5024
1331
6683
5987
9808
8496
8967
7219
723
1964
8280
4927
192
5035
7011
4324
9440
2452
6166
2195
9754
7492
3320
6679
7909
5117
5747
1417
2477
1399
3157
1714
4363
5529
8198
1453
9542
3913
9709
2411
5793
4351
3712
4605
3005
8349
1303
8342
887
1248
9860
8600
2231
2857
7485
6546
4615
5020
267
574
3073
4787
1885
2031
6240
2102
1265
2681
5231
4493
9652
1394
3097
4286
7409
3929
5558
5076
3241
5357
7591
5578
3974
6357
3485
1282
9442
7497
259
3868
1743
2881
9011
7592
2154
1596
9312
1109
8337
7394
4533
2699
225
5956
9853
7079
1441
5541
9051
38
9458
4925
5800
6224
185
6366
1296
5176
3982
9158
7013
8678
3497
4517
6300
4876
5322
9191
3425
7686
5244
1716
1456
1650
5226
3062
2297
6087
5209
3695
339
6205
5647
2629
9412
5675
5912
6256
3539
2704
6526
4254
3252
8485
1733
8338
557
5345
4893
1588
8810
9304
4485
2677
8845
4240
6820
7395
334
2973
9889
1804
6402
324
2568
8287
3187
2291
921
5991
6982
262
9879
4193
5294
8273
6940
5348
605
6670
5692
3285
7275
6843
5919
512
3884
6402
1675
4009
3613
358
5805
7130
4657
4249
5937
6067
2768
3391
5164
7774
5394
5790
1708
8657
8667
9324
8907
4716
624
9196
7508
4352
4944
6908
8041
3290
6963
3695
5374
2320
8200
3133
6417
742
5584
2388
6216
4667
2201
3976
5969
984
6387
4340
4109
9520
440
376
3671
5618
2754
294
9987
9347
4661
5462
5494
1356
6118
5750
4201
2168
2233
3229
2888
6183
147
4230
746
204
7406
1680
4660
2609
8753
8532
3734
8221
5896
5595
2176
8027
7402
3007
3054
4001
6486
9594
3267
9358
67
2315
7309
2887
5521
2147
5206
9842
5776
1553
6300
2197
2021
841
3831
3379
5621
2701
3158
3828
7927
8618
1013
9908
4900
125
7367
6365
6996
2593
9308
5933
6674
5865
3874
1427
2845
4170
5394
5190
772
4738
2679
953
3415
6777
7596
595
8593
7198
5955
7092
4441
2580
2401
8261
4308
3115
7608
1666
638
2763
1289
5201
9550
4259
2784
8586
344
5258
6316
4693
7128
4798
4158
5455
7032
1021
3939
9645
8603
8167
5500
8660
6784
5009
8134
7467
8923
6522
5212
7787
5395
1394
8076
2781
5753
2339
7889
5934
7928
7876
5323
4729
7762
1452
8622
8747
9622
1402
5609
355
1517
1111
2712
519
6649
217
25
7827
4327
2164
30
2941
3712
5804
5818
6471
3910
9726
7973
5419
9239
5167
7223
7953
1446
6126
8734
4871
8436
1134
188
4925
5114
2693
357
9561
389
7396
9873
9722
2206
8169
4689
7994
522
1306
9587
3738
6755
6206
272
6428
9121
5368
8190
1486
7569
6595
2170
6171
8367
5208
4097
1727
4936
2656
9319
134
3128
6397
359
4262
5496
9469
2669
8825
2630
8467
3979
6014
6456
6603
3325
5545
6126
7263
3818
9894
9150
3962
8740
8598
2088
9464
3850
5977
3860
1775
7800
2945
2133
9586
3953
9945
8690
6720
3929
1016
1531
8178
1099
8070
4870
560
8984
190
5260
3924
1310
6858
444
5249
7854
7445
1525
8736
8460
6584
9547
7407
3749
6520
5855
9537
4277
6221
5249
9683
7925
6334
7461
9333
4356
6822
4922
592
1633
4824
6710
3879
1220
5538
8458
1740
7877
6306
4743
2146
3511
2757
9447
9364
926
3690
1198
9787
1152
2062
2732
2846
4905
9904
328
7159
6873
8372
7830
3210
7848
4491
9677
999
9043
548
6842
8855
2646
7736
6564
9192
7137
1359
8823
4058
105
7199
1241
4561
2889
9871
537
4254
8268
8158
4167
629
4931
443
5905
5730
6689
132
8467
108
3645
7979
7014
164
7653
1837
3354
9913
3305
1605
9689
1392
9402
7903
8785
6865
850
5960
7599
1752
3828
5010
8974
3098
1088
5590
976
233
1071
5796
9373
9710
431
2406
3157
4919
3551
5785
6611
3312
3685
7469
7614
9525
3387
7737
1794
7425
6605
7024
5483
481
7282
2401
8367
8870
4371
9875
8477
1264
4316
9180
5230
1444
3200
79
9359
4482
8682
3999
612
998
137
7520
6279
2291
5058
3021
7171
2279
4361
9419
3148
558
5011
8750
5754
8242
4492
3997
998
6349
5780
9930
9990
4228
9428
8586
4708
4936
5970
8639
271
2092
8828
8820
6437
7810
9703
8852
305
2701
1278
5614
3062
8841
2224
1374
4738
6526
8642
4620
4413
765
6562
2308
4542
3551
241
5338
7608
4238
4726
8322
3994
1400
1914
9
9469
2243
1080
6547
7511
3584
6172
792
4451
6187
3832
6761
9924
6906
8202
3943
7849
52
6917
3066
6793
1597
1001
3880
9228
2031
7255
1418
3859
2197
5276
7871
8129
6918
4144
1565
37
5052
6750
5493
8368
5090
2894
5951
5440
6523
747
9129
3337
6497
9840
5487
8711
45
7877
1357
979
9968
3783
1087
733
417
5027
449
435
673
7498
6614
1766
3903
5104
5518
3908
9568
8169
1073
8507
8568
960
6203
3250
9393
9431
201
68
2808
2805
9465
8354
6478
1488
4327
8173
8142
1012
4321
6273
3665
2478
4752
2248
8613
7661
7121
8823
2550
3833
9575
5181
2065
146
5764
8224
4210
4930
5798
974
4908
9603
1870
7249
2387
3742
8382
7857
391
5920
1882
5355
3614
2327
8911
3939
2118
3114
9202
6997
4925
1792
5257
69
6040
1973
4372
6936
8
1231
5862
196
126
6210
3417
9132
9475
2753
8755
7305
2833
3928
7075
8821
9322
8215
3522
7644
1837
8882
9504
8463
5581
7643
4282
9361
509
4005
8709
5034
9463
2211
7724
8913
9619
1579
2011
1620
6939
5007
9523
7673
6254
7724
5553
9849
6521
6513
5198
8470
2575
9394
1659
2911
1687
1835
1133
1348
4065
6433
8866
940
2164
9456
6771
6598
6983
2019
4827
7646
758
1446
2949
7275
2564
3206
8790
5996
606
4963
5793
1588
4460
8691
1377
4299
4677
3312
1773
2809
5895
7670
5058
5773
4225
575
1005
3001
4772
9516
1458
2093
9746
5737
6892
8942
4422
7747
8700
1784
3662
5812
5530
3736
1663
376
9377
351
6770
7275
4151
6646
5231
6438
4019
4899
3958
2475
553
1559
5393
7155
4925
7815
8679
2807
3069
2361
969
3522
4659
9971
540
7697
7404
3173
4116
9403
5504
9691
1290
3990
2698
7087
2868
1710
9904
4901
3936
5792
8673
8185
325
789
409
4728
2986
6969
6468
1510
2343
7408
1951
5075
6047
3198
6181
1843
1302
6625
7001
6299
5206
3076
6537
5601
1719
1940
4779
8280
317
619
4509
9960
5452
6223
948
5386
3460
334
3980
1640
1915
691
7120
1675
5833
3582
1951
6960
5748
7222
8181
3480
4405
1532
8485
2669
7054
6883
6041
9704
4097
209
9695
5579
1891
8848
2945
2958
6716
1333
7416
9795
377
1622
2094
6430
7960
6213
2486
4665
7088
6961
2387
936
8257
4973
8450
3899
5915
9490
3288
4947
236
6081
4545
5360
4695
4561
9431
2180
3877
6404
4687
2802
2960
3340
8049
3033
1771
8306
628
4791
4773
9450
9065
1066
57
8010
1470
7169
4720
7349
5087
5590
789
7134
5086
4429
9274
5416
9943
8967
8194
6541
1376
6705
257
5182
6693
5450
9878
383
7730
9136
2805
847
1422
8196
2328
6498
5295
5332
2277
7192
9384
6517
5963
2624
2179
5876
7032
8890
5044
8356
9614
5942
4229
3127
9700
6404
3277
6679
7700
208
6705
9844
3787
4649
8690
4044
4316
3983
8170
4513
5783
