5492
6829
9681
2988
5533
1635
958
5590
2092
4145
1626
94
5986
1300
7635
9771
8312
3107
8173
4245
6202
9765
2681
8574
7206
7856
9534
7841
8319
9559
1295
3819
7372
4991
382
1974
1785
9657
1233
1752
7110
4976
3765
6543
2655
2772
8769
2475
8769
7202
9291
7730
5500
7970
7589
4990
1002
8158
3622
4601
5075
2734
351
829
1042
7176
533
9499
7059
8998
8352
8081
3715
6886
9771
4347
8992
8512
4942
8806
7123
569
9568
1782
5160
5020
4343
7009
141
8345
7065
9176
319
2401
6116
2858
7199
6971
7097
1681
7135
4792
5976
9696
8886
2268
5992
4644
8188
8000
5929
6225
4542
8769
2808
2998
4271
8025
9997
9663
8187
2129
323
146
6288
7316
8620
3959
5972
5360
9649
9826
9416
6282
5222
30
9860
1914
6881
9723
77
7898
636
7075
5044
1010
9371
8885
8883
5784
7295
3227
7767
7279
5236
8394
7337
7100
9678
8499
8883
8460
4095
8630
5936
9751
8867
6804
3914
7667
8100
1576
390
852
9835
4267
4961
390
6407
1115
2750
4515
7752
7855
512
8989
9067
602
8921
7458
8557
4511
5859
410
2821
4431
8550
9917
2104
3162
5351
6072
8820
4276
945
2000
1030
3719
5236
1172
7596
9900
2390
817
2718
5580
2707
1704
3100
127
6768
2175
5182
6220
4907
1101
1644
5097
7235
4275
3722
5068
7175
8575
842
8874
4099
8931
9139
1347
3312
2432
898
5591
2143
8463
3408
8960
1810
9155
5591
580
6408
859
8838
2839
671
541
1901
2301
387
2837
6945
9095
2322
3338
630
5075
4306
4046
2025
5373
6995
3634
8231
5114
5136
6417
1499
4823
6108
7247
5373
6872
6340
7935
6414
4307
9482
3191
9959
704
8526
330
9184
608
9048
8734
4434
6632
1170
5559
8666
6624
394
7451
2220
5465
7329
1783
6841
268
5520
5286
5567
5628
2759
4672
9456
7515
5146
8528
9996
714
2487
4014
5718
6794
648
7837
5063
4666
532
5816
232
7874
8200
2663
4240
7616
6062
1057
1062
9989
4725
1109
6050
1021
5908
2275
9735
5967
2808
1912
4046
9029
2427
4808
7534
5454
2951
4801
4399
381
3818
3395
9662
3071
3519
1767
3007
4821
1844
951
4417
9544
3623
8727
7301
4733
7785
6087
2521
6455
5115
7584
4451
1228
1338
977
1149
57
3002
5188
5422
6272
2067
2900
844
5036
5752
1679
8342
3394
4756
9196
198
1800
2262
6208
251
5672
8716
9599
2124
2359
5166
7511
2913
8882
6602
1356
2419
5656
5877
6361
9495
1042
9569
8886
9867
6492
3913
6221
5176
3810
3434
4496
222
1699
8557
3320
7159
4301
2505
2078
7009
5657
7978
6092
2790
5144
5347
9091
3231
3634
5468
3464
406
5747
2244
7055
5536
1420
7548
1211
2064
2334
2098
1204
5477
4290
6285
9187
3234
5099
6096
4120
1901
2304
5510
3260
8811
5315
2308
4735
6028
8281
172
7447
4183
1966
2878
6126
185
575
2436
2866
3304
5767
5622
1272
951
6612
4588
673
4211
8642
1321
9975
1992
4195
329
5624
1287
1743
7592
417
8804
2348
5856
8933
5245
182
4935
3360
4997
9424
3655
8523
1565
5958
1993
9674
1814
7349
4953
8591
4864
9674
3951
9769
9274
9519
9649
2453
9568
3129
1226
8358
5944
8927
2005
5083
7420
4411
7433
3046
7630
7199
1019
1166
3081
8082
8634
1145
337
8790
5899
1819
7768
2339
3859
6895
617
7115
6316
4978
8275
7591
194
7612
7209
8336
487
8998
3067
6064
7493
7089
9971
1130
9423
9003
7482
7404
3504
3000
6746
6152
1066
3828
4105
7549
8913
2099
6442
4041
9476
5286
7823
8788
6458
7309
5553
8523
6335
6455
3440
3312
2861
1399
1372
1330
1347
5502
9979
4464
7117
1447
1646
6282
1083
1682
5929
4283
2279
580
8001
9097
7461
1183
2580
7181
4274
4066
5860
392
5683
8782
8996
3971
799
5504
8446
4085
7500
50
2886
9099
7489
7093
7193
6119
4469
3319
9052
5338
1260
1026
6326
1033
2889
353
3354
3433
5350
9893
9958
1656
5414
9593
3347
4671
4913
1121
2473
8521
6877
4858
6043
2430
2568
1832
4375
1322
9526
824
4987
199
1392
7777
9610
6709
7401
9093
2381
6090
978
5254
2225
2967
6024
2960
3671
7475
110
7809
8280
8196
3227
1325
5005
9904
3721
2971
1994
1791
4667
3854
3999
3390
6804
4151
7584
3999
5293
8408
5469
5609
2160
7739
7869
2591
3868
6503
4951
7488
258
1747
228
279
2056
5098
1844
9170
8671
8914
5053
9508
1963
8385
2175
8718
3586
3653
3517
832
551
4237
829
9961
7824
1823
1671
1693
1728
9575
4386
3795
5430
1710
9253
8804
8772
3119
9107
6545
9337
3103
7936
8549
8580
4148
8159
8153
9133
724
5174
2187
3053
9010
9809
4740
3898
767
303
9222
9886
2593
5966
1958
6225
8413
7045
1222
563
1495
2221
6754
5870
6855
2793
6657
6976
3443
3736
2820
3166
8515
2999
2249
4353
7469
3116
5723
5511
3015
3498
2538
7234
5692
6775
8426
370
3014
7938
4619
2900
9984
6205
1521
8497
3156
9068
5861
9281
2392
1713
392
3549
2626
6825
4518
76
941
7889
10000
3295
528
9115
4999
1189
3240
8088
4060
1646
5140
285
8007
5562
6484
4275
7383
8709
6732
5095
8709
5204
6888
8775
7985
3297
4425
5539
4344
2878
4619
1468
6866
3451
4149
9546
1524
2881
8067
4050
2103
7263
3340
8353
6424
9362
3244
1464
9581
8288
3202
3878
7159
5490
1060
4971
4487
8227
4134
8199
2104
7240
6776
9204
2364
5260
2866
2325
3428
2705
332
7230
1935
9730
3048
1314
2314
4490
8904
8912
1235
8324
8571
5975
8591
9113
6414
7209
7857
9184
8950
4534
5608
4221
2418
253
8799
4850
802
4953
8531
2027
7690
6884
3743
7939
1395
8408
9265
6588
4907
7006
2053
722
2699
4513
4381
4026
574
3239
8504
4050
1292
2423
4802
1038
3128
6662
4083
1640
8623
9787
1429
